# n m
 416 59
# job ptime rdate deadline
 1 88 5843 5902
 2 29 5024 5083
 3 119 4422 4481
 4 20 4133 4192
 5 70 5557 5616
 6 40 3888 4377
 7 24 3852 3911
 8 87 3330 3389
 9 33 4474 4533
 10 164 3600 3659
 11 61 3742 3801
 12 25 2840 3016
 13 17 4612 4671
 14 88 5469 5528
 15 106 3483 4197
 16 73 5253 5312
 17 49 4192 4251
 18 63 3242 3301
 19 33 4234 4293
 20 118 4288 4347
 21 126 4182 4241
 22 85 3665 3724
 23 17 4291 4350
 24 55 4080 4139
 25 85 3565 3624
 26 73 5396 5455
 27 20 4183 4242
 28 43 2566 2625
 29 31 4484 4543
 30 58 3971 4030
 31 24 4066 4125
 32 70 5326 5385
 33 81 3167 3565
 34 17 4308 4367
 35 24 4035 4094
 36 20 2897 2956
 37 24 4108 4167
 38 24 3984 4043
 39 39 2467 2526
 40 33 3633 3692
 41 24 3936 3995
 42 24 4190 4249
 43 40 3864 4493
 44 38 2523 2582
 45 50 2333 4156
 46 46 2356 2415
 47 24 4340 4399
 48 24 4147 4206
 49 50 2467 2526
 50 49 3211 3270
 51 28 3666 3725
 52 40 4116 4175
 53 24 4219 4278
 54 93 2766 4257
 55 27 2564 2623
 56 32 2662 2721
 57 24 3816 3875
 58 24 4259 4318
 59 51 3597 4312
 60 23 3796 3855
 61 23 1932 2002
 62 47 3359 3418
 63 48 4196 4255
 64 15 1411 1470
 65 108 1828 2083
 66 39 4815 4874
 67 40 4013 4795
 68 70 4112 4171
 69 53 2517 2576
 70 39 4370 4429
 71 39 4854 4913
 72 116 2652 2711
 73 56 3303 3362
 74 24 3739 3798
 75 24 3874 3933
 76 17 4391 4450
 77 17 4325 4384
 78 50 3406 3465
 79 24 4132 4191
 80 56 1974 2033
 81 119 2694 2924
 82 113 2810 2869
 83 66 2109 2155
 84 72 2160 2219
 85 52 2396 2455
 86 104 2448 2508
 87 78 4839 4898
 88 31 2449 2508
 89 11 2668 2727
 90 17 4595 4654
 91 11 3360 3419
 92 50 4279 4338
 93 176 3316 4304
 94 11 3503 3562
 95 55 4403 4462
 96 77 2468 4601
 97 82 2854 2913
 98 64 3039 4649
 99 51 2387 2446
 100 13 2414 2473
 101 28 3139 3198
 102 40 4076 4135
 103 17 4425 4484
 104 40 4036 4095
 105 37 2862 3188
 106 61 2322 2392
 107 30 4480 4539
 108 36 2429 2488
 109 136 1 4022
 110 25 3481 3540
 111 66 2787 4179
 112 98 2516 2580
 113 44 3763 3850
 114 110 1173 4295
 115 17 4578 4637
 116 27 3792 3851
 117 63 4468 4527
 118 97 2849 3014
 119 45 4066 4125
 120 21 2679 2738
 121 45 4288 4347
 122 35 2352 2411
 123 30 4623 4682
 124 70 3998 4057
 125 64 3657 3716
 126 82 3399 3458
 127 83 1151 1313
 128 32 3166 3225
 129 154 2768 3703
 130 21 2495 2554
 131 20 3131 3190
 132 44 2308 2367
 133 50 2296 2355
 134 39 2346 2405
 135 43 2422 3794
 136 41 2496 2555
 137 28 2593 2652
 138 64 3055 3114
 139 24 3875 3934
 140 44 3841 3900
 141 17 4386 4445
 142 27 2309 2368
 143 60 2407 2466
 144 15 1366 1425
 145 47 3017 3076
 146 17 4510 4569
 147 33 4288 4347
 148 24 4099 4158
 149 24 4288 4347
 150 40 3578 3637
 151 116 1635 2763
 152 34 2613 2672
 153 127 2127 2981
 154 91 2301 2360
 155 56 3329 3388
 156 11 3371 3430
 157 17 3857 3916
 158 12 2656 2715
 159 50 4408 4467
 160 10 2291 2350
 161 66 3475 4378
 162 12 3304 3363
 163 79 2666 2725
 164 27 2307 3676
 165 17 4476 4535
 166 37 2618 3874
 167 40 2734 2793
 168 17 4544 4603
 169 20 3940 3999
 170 30 4562 4621
 171 12 2823 2882
 172 92 1161 1356
 173 60 4006 4065
 174 28 3694 3753
 175 31 2330 2420
 176 18 2354 2413
 177 24 3833 3892
 178 24 4304 4363
 179 40 3840 4441
 180 24 3987 4046
 181 40 4068 4127
 182 64 2459 2518
 183 39 4526 4585
 184 28 2495 2554
 185 38 1491 2025
 186 24 1461 2014
 187 29 1446 2001
 188 15 1396 1455
 189 8 1811 1870
 190 28 3750 3809
 191 24 2972 3031
 192 71 3279 3491
 193 14 3819 3878
 194 22 3017 3076
 195 27 1539 2032
 196 212 786 2602
 197 18 2288 2382
 198 38 2910 2969
 199 110 2523 4602
 200 32 2791 2850
 201 28 3802 3861
 202 60 2711 2770
 203 33 4399 4458
 204 20 2465 2524
 205 29 3182 3241
 206 17 4493 4552
 207 20 4114 4173
 208 11 2887 2946
 209 18 2955 3014
 210 61 2295 2354
 211 39 4893 4952
 212 40 4214 4579
 213 24 3963 4022
 214 87 1963 2022
 215 26 3582 3641
 216 48 4004 4063
 217 15 1381 1440
 218 39 4643 4702
 219 39 4682 4741
 220 24 4085 4144
 221 42 2975 3034
 222 70 1629 2290
 223 17 4561 4620
 224 109 2131 2190
 225 55 2815 2874
 226 39 4721 4780
 227 27 4009 4068
 228 23 2486 2545
 229 38 2684 2743
 230 31 3179 3238
 231 30 4593 4652
 232 30 2320 2432
 233 25 3608 3667
 234 39 4487 4546
 235 40 3885 4356
 236 10 1950 2060
 237 15 1476 1535
 238 37 2922 2981
 239 19 3260 3319
 240 24 4134 4193
 241 43 2232 2291
 242 54 2795 2971
 243 21 3339 3398
 244 64 3476 3535
 245 63 2485 2544
 246 55 2711 2770
 247 24 3909 3968
 248 24 4011 4070
 249 15 2103 2162
 250 17 4374 4433
 251 56 2943 3002
 252 112 2415 2474
 253 40 2770 2829
 254 17 4442 4501
 255 26 2438 2497
 256 70 4316 4375
 257 76 2999 3801
 258 24 4037 4096
 259 24 3960 4019
 260 15 1506 1565
 261 39 4776 4835
 262 39 4800 4859
 263 55 2072 2131
 264 140 2275 2334
 265 30 2826 2931
 266 10 2427 3576
 267 48 2464 2722
 268 31 2625 2684
 269 15 3819 3878
 270 24 4109 4168
 271 26 3309 3368
 272 48 4244 4303
 273 15 3567 3626
 274 43 2066 2125
 275 18 2862 2921
 276 24 2296 2355
 277 19 3285 3344
 278 101 1528 1587
 279 13 3506 3565
 280 72 4706 4765
 281 39 4565 4624
 282 57 4448 4507
 283 109 2848 2907
 284 19 2599 2658
 285 17 4459 4518
 286 17 4408 4467
 287 48 3908 3967
 288 48 3860 3919
 289 15 3801 3860
 290 63 4541 4600
 291 123 2561 2620
 292 8 2548 2607
 293 48 4052 4111
 294 48 3956 4015
 295 48 2722 2781
 296 27 2647 3563
 297 143 2619 3201
 298 118 2618 2677
 299 54 2840 3968
 300 83 2765 2824
 301 13 2884 2943
 302 138 2631 3038
 303 44 2729 2788
 304 30 3081 3140
 305 115 2570 2629
 306 70 3076 3135
 307 62 4375 4434
 308 48 4148 4207
 309 24 4090 4149
 310 24 4166 4225
 311 24 4171 4230
 312 24 4243 4302
 313 24 4195 4254
 314 29 3721 3780
 315 24 3912 3971
 316 24 4061 4120
 317 109 2637 3259
 318 27 3993 4326
 319 110 4158 4601
 320 39 4217 4492
 321 33 4531 4590
 322 24 4059 4118
 323 48 4156 4491
 324 24 4432 4491
 325 24 3899 3958
 326 13 4361 4420
 327 57 4649 4708
 328 50 4967 5026
 329 50 5017 5076
 330 57 5053 5112
 331 46 4907 4966
 332 41 5110 5169
 333 57 4135 4194
 334 24 3438 3497
 335 38 3722 3781
 336 63 4590 4649
 337 35 3979 4038
 338 62 4337 4396
 339 111 2897 3130
 340 38 2754 2813
 341 87 2732 2791
 342 109 2834 2893
 343 103 2760 3073
 344 85 2835 2894
 345 94 2740 2799
 346 41 2947 3006
 347 51 4029 4088
 348 79 3540 3599
 349 133 3923 4047
 350 39 4604 4663
 351 190 3169 3677
 352 62 4250 4309
 353 39 3276 3495
 354 62 4564 4623
 355 70 5183 5242
 356 56 4311 4370
 357 39 4409 4468
 358 127 2961 3174
 359 44 3688 3747
 360 54 3077 3136
 361 75 3064 3123
 362 79 4180 4239
 363 17 4357 4416
 364 143 1941 2000
 365 38 4446 4671
 366 58 3913 3972
 367 57 4967 5026
 368 32 4330 4389
 369 57 4055 4114
 370 89 4210 4615
 371 62 3060 3119
 372 33 4418 4477
 373 33 4451 4510
 374 57 3003 3062
 375 71 4896 4955
 376 70 4241 4300
 377 56 4851 4910
 378 103 3818 4364
 379 25 3305 3364
 380 17 4340 4399
 381 147 3436 4521
 382 30 4532 4591
 383 63 4579 4638
 384 33 4385 4444
 385 63 4527 4586
 386 31 2437 2496
 387 120 3859 3918
 388 46 5137 5196
 389 39 4448 4507
 390 39 4331 4390
 391 17 4358 4417
 392 15 4337 4396
 393 75 3780 3839
 394 57 3582 3974
 395 121 3618 3677
 396 58 3417 3537
 397 50 3986 4045
 398 20 4231 4290
 399 20 4583 4642
 400 53 4540 4599
 401 85 4106 4420
 402 129 4367 4426
 403 25 4609 4668
 404 57 4592 4651
 405 73 4778 4837
 406 17 4527 4586
 407 70 5067 5126
 408 73 5627 5686
 409 70 5700 5759
 410 70 5931 5990
 411 73 5770 5829
 412 73 6001 6060
 413 70 6074 6133
 414 73 6144 6203
 415 24 3720 3779
 416 67 4121 4180
